4q-qvm,[0.5, 0.52, 0.44, 0.56, 0.1]
4q-qvm,[0.48, 0.48, 0.48, 0.6, 0.04]
4q-qvm,[0.76, 0.6, 0.58, 0.54, 0.24]
4q-qvm,[0.72, 0.74, 0.74, 0.6, 0.4]
4q-qvm,[0.8, 0.76, 0.76, 0.82, 0.52]
4q-qvm,[0.88, 0.84, 0.84, 0.86, 0.66]
4q-qvm,[0.94, 0.9, 0.9, 0.96, 0.86]
4q-qvm,[0.92, 0.88, 0.94, 0.94, 0.86]
4q-qvm,[0.94, 0.92, 0.9, 0.92, 0.86]
4q-qvm,[0.96, 0.98, 0.98, 0.94, 0.94]
4q-qvm,[0.98, 0.94, 0.9, 0.98, 0.86]
4q-qvm,[0.98, 0.98, 1.0, 0.98, 0.96]
4q-qvm,[0.98, 1.0, 0.98, 0.98, 0.96]
4q-qvm,[0.96, 0.96, 0.98, 0.96, 0.92]
4q-qvm,[1.0, 1.0, 1.0, 1.0, 1.0]
